9303
6145
5853
4839
2507
8744
1230
6369
5639
5447
6385
7757
3731
7971
4264
5808
8503
3605
8896
5030
7072
9980
5733
2541
5823
8584
7761
5129
4115
8634
0590
2407
1546
7843
9784
4284
6658
1091
7017
0884
6461
1100
7503
4013
7393
4336
7162
4229
7188
6382
0406
4595
6178
3148
8973
1853
4270
8803
9985
9235
4455
1228
5479
1176
6102
7135
3982
5701
5232
8678
3084
6742
4101
4809
0936
3727
1246
7740
6708
4154
1696
9431
0442
6564
2974
3324
3384
6142
2428
1290
0049
4177
2582
9585
4038
0911
8491
5493
9550
4103
2030
4085
5784
4100
3385
3201
5085
9321
2478
8405
7439
5867
1270
3042
4324
1689
1037
6673
9650
6468
4127
0008
4292
0517
0580
1906
0515
0038
6999
0298
4558
0526
4725
8561
1120
1350
8178
1096
0226
0624
0057
9563
1030
4679
4379
0085
5634
5420
5748
3985
0272
8230
7170
2670
3672
9253
6071
3701
5410
3218
4623
4639
7967
1243
9229
7529
1791
2034
3838
6302
6134
3057
7544
6058
4681
8020
2872
5215
6751
2276
5873
2029
6399
6480
8332
7360
2105
4216
6917
1557
6374
7659
0269
0376
7447
3530
0027
9937
2813
9688
6771
9836
5597
8793
9687
5482
2616
6861
3944
7195
0416
7127
4390
0634
0766
5938
8227
3863
4072
3912
1232
5851
5909
1026
2335
9245
7312
4605
7671
9370
7230
7516
8516
6456
4150
5257
6270
3282
3937
8428
5039
8098
5986
1841
8272
0140
8933
6275
3482
9554
0588
3002
0009
6420
3563
3156
3748
6389
9024
9590
1311
7140
1595
7786
2033
9002
5907
6260
5128
6824
2064
5840
7316
7600
7723
3110
7276
0032
9189
8094
0350
7315
1610
3920
0834
4186
3832
8990
4049
2991
8874
3355
5149
9480
0382
2452
9607
6424
4019
5387
7809
1795
0572
4148
5789
4831
0097
3941
7160
7851
9806
0064
2395
7848
2781
6289
1648
1797
6441
8391
3490
4302
2461
1449
1480
9018
9965
8189
0626
0417
4209
5919
9412
6730
1135
1249
0039
8846
1607
3902
9716
6762
9405
9432
3998
9898
6124
0504
3394
3816
1385
3616
7216
4774
2149
6723
5285
6101
0239
1591
3290
2274
1336
5622
7927
5745
4539
7998
8578
2314
7433
4842
8910
2318
6487
8131
1712
5684
9471
8540
3121
2057
4391
4525
8339
2085
6883
3227
8442
6572
5202
5633
2067
3486
9232
4402
8052
5029
0609
4279
8417
4882
2881
6600
8677
3539
4821
0827
5763
5153
6037
1237
4091
1674
1586
5338
7263
0169
9436
8931
7234
1550
4630
7036
5820
4020
1438
3359
2206
3118
8911
6318
2300
4255
6159
8719
8887
1498
7644
3008
2250
3536
9685
5978
6007
2189
7536
7691
8085
2236
8701
9907
4629
5161
2567
1371
0569
6557
7181
0639
6980
0254
9234
2918
0713
7470
2184
5886
0326
7914
7493
2716
0799
3117
5435
4659
6634
7815
7944
8165
6455
8821
8375
1283
2009
6927
4014
2622
6889
9561
2097
8048
8864
0565
2343
0345
9618
0965
1840
2372
1201
6550
7696
7469
0618
6867
4702
2736
3233
8392
4905
5603
6139
7028
7426
9238
7800
2999
2087
2163
0454
5618
5458
4440
9413
6432
0372
9466
4647
1744
7661
6051
5732
3408
4758
9228
8627
3232
9159
1388
4491
5623
2472
7716
0796
4634
7849
0084
5994
1456
0666
1227
2387
6508
2182
6098
7738
4791
4602
5649
5672
6449
9871
8340
7769
1636
8970
8395
5206
5042
4487
3952
7540
7673
3702
4242
5644
4855
5208
0977
2657
1571
5066
1544
0371
0963
6713
5826
1208
9566
9510
6525
5951
9858
9919
5856
9942
7011
4364
2771
3122
7423
8254
1140
1935
1839
5630
7586
1520
5945
5440
2880
5559
5691
4653
5772
2192
2109
1090
6732
7443
7389
2046
9178
5779
7546
5113
3518
3375
4643
8091
6080
7801
8457
2394
2214
4938
6784
3617
9359
7168
2775
5604
3631
4857
2129
8596
1677
2503
0381
8177
8451
5697
6014
0270
8348
7617
1339
8060
7092
9528
6415
1025
0408
6758
9737
9610
4030
6857
8075
3291
3510
4488
7099
8278
0421
0577
7667
3215
3398
9454
7562
7929
2699
3115
9280
2764
3878
6575
0425
0213
8232
0697
2766
1414
8277
8328
7720
0124
5282
6663
3658
3296
8511
9422
0892
0076
6227
5399
6123
9003
3039
5192
3512
2933
9036
7133
5918
3766
2527
2984
6239
9580
2681
7676
1329
5897
8637
4989
0081
1620
7784
1020
9204
1113
1723
8908
8145
4074
7146
0709
5471
2028
4182
4047
8356
7475
4848
1889
2015
4885
2094
2209
0615
3024
9450
7438
0555
4124
5821
1432
7952
5975
6462
7304
7625
6625
9666
4862
7945
6974
6209
1114
9824
5476
4454
6964
0304
8366
9119
5385
9656
2526
5020
2420
5048
5875
7707
2115
1909
1093
2083
7321
6773
4217
1929
9718
8746
8472
9526
9458
8319
5238
7640
2017
1466
1768
0851
3849
7591
4078
8293
2831
4811
7525
4893
6377
2782
2641
4441
7886
0754
2958
7770
2545
1634
5841
8873
4200
0317
9614
9910
6153
5364
2566
9826
4499
5327
1743
0692
3817
4110
3352
5467
0527
4868
6370
2833
5713
0994
5245
6940
9776
9927
0777
0674
2818
2911
7950
5499
3207
8676
2051
0990
4174
2544
5592
7489
6280
8823
2316
0005
9559
8696
6622
6147
2883
0645
4352
4942
9166
8640
2191
0282
5571
5203
7543
7113
5041
8554
7399
7052
9508
4423
7500
4022
9489
2824
9958
0812
3807
2180
1335
9029
9322
8983
1886
1553
3927
2352
9918
0971
4342
1626
7682
4109
6562
6542
7583
5151
9499
9402
3621
7103
4431
3493
9320
4447
8805
9758
7787
4136
3403
9502
2132
0278
9615
4141
8816
2689
9114
3250
2349
1405
0471
6284
5904
9271
4753
5172
8844
4762
3131
2164
4338
4446
4189
2322
2370
1851
0253
3745
3778
0587
6588
2994
2449
2537
1622
1434
4667
6799
2241
0942
0652
7496
0688
3225
5067
8740
3738
8888
8712
4467
2150
7177
6320
3833
1861
8239
4722
3272
8377
1964
0178
0153
0630
2804
8984
5022
5177
8365
0062
2539
4977
4953
8619
7325
2694
3407
5225
6322
8476
4588
5386
1099
3284
0853
7909
2516
9224
9703
0444
8427
6749
9565
3188
2823
5675
3934
0456
5628
1502
6168
4413
4350
8795
0658
4800
1254
0147
1192
0731
5256
0014
7093
2086
4147
0520
3204
0707
7874
1885
5541
4211
4712
6364
2367
3888
3533
5374
2096
9920
0041
7879
6205
8995
6608
8029
4670
4407
3882
0653
1707
2749
5916
9362
5005
8590
1403
8886
8852
2286
0110
0865
3258
3918
3535
8402
2686
4183
8374
8500
7065
0354
5514
9298
6594
5013
3473
3495
1126
6636
3794
6555
2715
5239
2235
2946
6865
1755
6085
4914
5263
5494
9243
5717
5510
9387
4368
3340
9153
0072
9955
0616
9621
7010
0926
3214
6805
3596
2658
7104
7087
5243
1820
7852
1549
2837
3625
6648
0279
4607
1756
1576
8544
0360
2619
4926
9861
4276
4706
2713
6620
2528
3776
2979
9541
9756
2197
0929
0428
8347
3840
1865
7655
8720
3802
2362
0127
3897
3737
7551
3795
0398
6292
1131
4570
7492
4932
8235
7859
2101
6505
5456
4262
9835
6086
8675
1899
1834
7231
5464
6349
3516
8953
9727
7490
5905
1451
7401
4417
7665
7656
1207
2005
4596
0890
7794
8602
7242
0891
0532
7648
4173
4210
1737
9761
8495
2839
8788
6913
0030
9828
0184
4770
9276
4126
5960
1923
7868
0817
7875
9065
7120
6705
4092
2402
2746
9141
6243
6503
8033
7292
9518
3210
4445
7700
1377
1779
0502
0464
5992
0159
6688
7634
8610
9897
1823
4432
0158
0480
2522
9569
8666
5491
2968
5848
0349
7461
9498
1210
5307
7105
4726
2841
2299
1521
3448
5516
9612
3471
7059
2328
0788
9838
5488
5920
1082
5068
9529
2144
0621
9711
3271
2520
5498
0111
4620
3034
7643
1134
7605
4757
2114
7094
5642
8621
9363
8616
6862
9284
5457
1180
2894
2403
0171
2359
6162
4787
5658
8454
0390
2218
3295
9201
0719
0365
7798
3127
6850
1974
8558
4357
6127
5957
4155
9268
7773
4167
0905
9113
3350
7422
1959
5523
3527
3248
7467
0910
8102
3858
3743
7341
5300
7706
0763
9538
8813
1994
5076
3096
4027
1411
9720
7964
5251
6125
3223
5087
0389
2080
8901
0600
4837
9891
0667
6418
9929
6522
8404
3265
4356
8688
9004
3813
8115
7710
6938
2625
0785
3164
0878
3911
7688
5288
5738
7819
4087
5355
6802
9456
0842
8811
7125
8034
3485
8334
9050
6393
7637
0199
1879
3349
5428
1216
1481
1904
1009
2637
1627
0557
3133
3520
9534
8399
2778
7752
6366
2054
1296
1770
8786
7817
2480
8581
4567
1932
1982
3591
5961
4016
0274
7766
1264
4283
1172
9242
1097
8878
8877
6324
5095
5989
2145
5786
7604
4397
4192
7991
7940
0725
8286
4915
5065
0830
6210
2634
4396
5879
6084
8992
6274
1708
7603
1342
7937
0632
8015
0020
0305
3260
5866
3676
8422
1389
2295
5325
2326
4710
9829
1094
8751
9817
4609
5379
9709
0533
7915
7506
3988
6354
1392
0970
5829
5613
0841
4694
2302
0978
0437
4094
6277
0118
8080
4291
0073
6067
3503
1945
4519
5047
5758
2585
4877
4328
6070
7816
6829
8107
1969
4162
0031
3974
9355
9100
6793
1196
8950
5596
3593
7327
3590
4295
8667
7687
8628
3505
6372
0570
3162
3146
3691
2908
4665
6876
9389
2765
6175
4786
2594
3243
9186
0477
3594
5787
1787
7650
7219
1860
4251
6291
1163
5188
3678
6138
5124
1190
1948
6651
8900
4230
5505
9325
9073
1327
4076
7282
7006
9349
3255
2587
3913
0745
8064
7872
4040
7612
3588
8303
6181
7076
4677
7986
4506
3528
1916
5746
3051
3525
5274
8251
8780
4029
7172
1869
0661
8580
7383
7508
4783
5716
8280
9477
4896
7466
5756
2069
2992
0294
0335
3093
9765
0320
2975
5797
9151
8069
4560
2055
9944
8903
2063
3011
8419
3867
3583
5414
3046
7274
2640
5837
3993
6414
0916
1478
8962
3928
0924
4120
3190
4516
9810
1832
7708
7277
7822
9231
6266
4099
4245
9578
5813
7356
2072
8934
8386
5868
6199
7415
8475
1471
0358
9481
2884
5175
1556
9630
3405
7483
2118
8651
2856
5557
9864
4470
7695
0465
6860
1838
7854
2644
8219
8791
0723
5757
1966
0727
7721
9996
4064
3722
4832
2643
1372
1048
5159
3541
4860
0521
4766
2838
7204
6499
6363
3062
1985
2497
7365
3222
2846
6103
8504
2536
7026
1147
2735
5180
6331
9792
2737
6715
1122
1387
5330
1803
9560
5601
6645
5396
3682
9588
0640
2963
5421
8598
3511
7989
2443
6828
3071
0586
5607
1729
3945
5933
2427
1748
8006
4917
2265
6900
4873
5582
9143
2496
6631
6765
3673
0224
0125
7587
8709
1843
6614
2357
8879
2888
8533
9887
8527
6769
4050
8226
9681
2303
2153
7416
8302
3435
3106
8817
8314
5213
7032
9282
8668
4628
2924
9567
9780
4197
8499
1072
8461
8207
1892
9636
4330
2873
0316
5411
5416
6868
2663
8004
5114
7590
5412
3461
7025
1933
2249
7471
9684
3300
4298
3137
2802
0154
9896
4425
2479
0242
0581
9971
9033
7343
6186
6877
2934
2524
3226
3365
3983
1155
1400
5321
9195
1927
0197
9475
1225
0743
2397
6664
1619
6898
6755
6848
6512
0300
9669
2140
6781
5437
5056
8380
6538
1399
8851
4880
6790
4067
8994
5194
4335
7437
7336
1422
9860
2611
6952
2590
2011
2519
2944
2315
8057
6252
2400
3893
1029
5735
3412
9323
7391
2608
2380
8713
4202
2446
6355
2787
4578
8030
9051
1977
4108
3089
8439
4668
0791
9577
7938
5538
2119
4899
1410
6402
5599
7725
1535
9394
8761
6803
4561
7311
4025
5759
9797
4131
5383
2232
3374
0219
9859
2266
5921
0186
3557
6896
6097
7121
5250
8606
4188
2200
5260
1958
4523
2514
1572
9903
2709
4789
6496
4902
4550
9571
6915
8225
2784
9553
0913
9909
5979
2483
7249
3112
2356
8917
3543
3764
6859
5004
6242
0380
3830
6028
8572
8845
0866
1408
2252
9127
9023
3834
6579
4312
9504
4082
6202
5530
0672
4954
8140
7428
4366
2666
2923
4369
8689
6558
7021
4975
5157
4952
7406
0985
2280
6065
6772
5768
6811
8848
9144
6495
9875
0330
5391
2721
5003
5198
7828
3457
6991
5247
6795
1577
5934
6339
8872
6096
1160
9267
4463
1398
2954
5791
0877
3698
7797
9328
7955
1212
4794
0411
3509
0845
9384
1421
9373
6379
9812
5103
3639
2962
3161
3360
8139
3931
5679
5715
8613
5388
3558
4827
8150
6109
2269
7719
4347
0883
8424
1484
4654
6009
2138
4508
6228
4828
8248
5342
6809
8316
3687
4044
6739
9981
4235
4841
0174
9381
3323
9849
0955
4008
8173
6287
5027
4011
2410
4965
5685
4528
2066
6969
9430
2794
1302
8089
6820
5646
1531
1355
6728
3700
5983
2473
1488
0206
4005
1722
2027
3306
8396
1375
6691
2727
9693
8809
2744
1068
3666
2973
5127
1459
7917
9912
2562
9171
4798
0002
0353
6154
1325
5995
3143
8828
5925
8216
1900
7495
4941
3842
7660
9182
5008
9117
2798
2808
1028
0695
9808
5552
4439
8372
3771
7082
6030
3851
4287
3864
7046
2476
0385
5365
8622
9205
8585
6977
4580
0043
8116
9344
2486
1486
1183
0450
9889
6825
8289
6846
7317
2572
5781
4682
1711
6386
9722
0826
0102
2308
7616
8387
1704
8273
6474
6872
5267
3120
9905
9296
0824
3769
2788
9941
8305
9809
6136
6700
5460
8545
0331
1715
1191
3219
5092
5561
7746
1658
7149
0559
5792
4724
0693
8820
5982
3589
5404
6858
6540
9105
7571
3484
9426
4175
5869
8948
8551
2504
0080
7631
2053
3460
2104
2004
6644
8221
1303
3586
0203
2725
1149
3669
7974
6211
8531
6113
0636
8167
0548
0048
0872
4416
9497
0248
1702
6957
5497
2088
1138
5706
9714
2234
4012
5017
1527
0608
6689
4978
5055
8588
5665
0299
4257
2627
2022
9118
7677
9500
2685
2010
9997
8174
0003
4891
0623
8127
2809
7633
2148
9939
6042
3189
3630
6297
6674
9778
0414
4383
1785
6251
4692
9658
1583
7522
5422
8182
8802
1609
2604
9233
9646
0090
1157
1450
8841
0972
1942
4983
4161
0798
2511
5346
8670
4459
4689
5168
4321
5515
5116
8032
7043
5752
6567
0280
5629
8904
1828
8539
1110
3757
3835
1219
3059
8708
4046
9960
9354
1349
8897
9150
7008
9219
3561
6390
5487
1733
7608
9759
5137
1868
1158
2447
7129
6528
4146
0189
5976
3907
1042
3305
2233
7044
0644
6197
7963
9288
8716
2529
0458
8501
5668
4282
7284
1863
3400
3427
0542
3085
5226
1258
6770
8604
9948
2077
1265
6208
5850
1984
8966
2440
2439
0202
7743
2098
4614
8663
2112
8155
8153
2203
7145
9200
6306
7789
2151
7029
2263
5888
3675
7900
3890
5524
4825
3872
2754
4704
0702
0541
3013
2107
8169
6118
3447
2769
8298
3423
4482
3747
8065
7830
8829
3488
9157
2205
8438
8946
1092
7606
3116
2961
6223
0262
6551
3208
8534
1104
3187
4990
0055
3185
2245
1972
7203
6438
9459
5709
6967
8201
6352
6347
9262
3857
2987
6887
9337
2945
2297
6460
6856
0514
3895
9643
4765
1044
0575
7215
9496
1368
8450
2360
0015
0530
0946
6177
3662
1973
8261
3848
8367
4674
6176
3102
9501
9305
0403
6481
9953
9331
2882
8921
5135
0498
6018
3333
3602
8659
2444
6006
6914
3288
8118
7718
4611
4222
3019
1986
2648
1306
5276
6053
0004
1098
2244
3440
3803
2589
5580
7509
1528
7075
0660
1446
3067
5248
8752
2141
5940
1596
9619
9183
8625
0919
1472
5525
6450
7293
8582
7240
1364
7050
2398
4152
7479
3696
6845
0691
0825
5426
6416
3585
8195
6935
1720
5333
1123
5793
1884
8631
2941
9616
1651
7111
2607
0168
7239
6365
0037
0875
3381
0138
4434
0751
4086
2673
4998
4532
4642
1348
5431
3780
7465
3943
3704
9938
6794
0361
1584
0433
4655
0420
7345
4981
1762
7147
0934
9976
2930
9883
1222
8007
6088
1919
2756
6948
0035
3444
9821
1373
0897
8072
5509
7584
2438
0264
4601
2789
0088
5812
0233
4500
3191
0478
8440
9485
5345
1205
5209
3261
9040
0696
9988
7793
3659
0735
5219
2092
3740
1391
8943
4531
9217
9642
8883
0583
1721
3609
7594
1864
6156
2635
0764
6312
9602
0596
0536
4517
6637
7217
1786
8249
8260
1417
7189
1664
9783
9210
2281
2777
9613
6836
2433
2866
2277
5141
3739
8325
1218
8105
9686
6628
2023
0795
3025
5443
0648
8526
5682
1089
1870
3491
0204
2535
1975
5337
7193
4897
1918
2997
8193
5370
2239
1148
4215
4935
0227
7863
7382
1910
9738
8031
5240
4945
7124
7353
7403
1267
8721
6526
3056
9816
5598
4767
6094
6748
0229
7965
3458
8775
1143
0101
3094
1925
0912
5108
8003
9882
5760
8869
0033
1047
3420
2493
5681
6396
3459
1282
8589
1857
6745
6701
3965
1562
5605
7892
2639
6417
7908
6220
1650
6285
9353
4562
5511
3843
6383
1500
9380
9215
1628
7229
2820
8573
7109
7514
4676
0637
9167
9544
2378
1276
9357
5564
8548
6954
2127
6761
3984
9831
2610
9275
2942
8426
2780
7451
3806
0558
9680
0393
9970
7182
4398
5459
2392
6912
5943
1337
9433
9853
6576
6193
8672
4464
0086
0887
5860
9184
5762
9904
6531
4228
5303
7928
1297
6943
5040
7735
1139
6650
2847
2268
0146
4984
0717
8379
7949
1080
7068
9297
9520
5336
6041
6500
0976
9706
0107
6093
2900
2959
2815
0531
6351
5506
3519
6421
2451
1574
0108
8743
4273
1066
4203
9805
9956
9547
6864
4518
3475
1288
0301
1813
2773
5814
0448
7285
0212
3762
1027
8757
5889
4281
0510
3289
0643
1359
2696
8445
6310
3783
7294
5705
1425
3925
1253
4122
4901
2982
3293
8723
8858
0479
7375
3544
9148
6684
8161
7307
9739
4128
6847
4181
9449
9416
5380
2547
2260
9096
2319
4301
1255
7143
5024
3656
3422
0047
3362
9639
9781
6905
4585
5335
9724
9900
7602
1579
2238
0860
1266
2007
8919
8296
2331
9673
5864
6362
9663
5692
4073
8223
8727
8018
2157
2751
3302
4221
6592
2285
7237
3990
6072
5998
1814
7186
5501
1395
5662
8047
3876
9644
0260
8765
4957
2422
1801
6268
1313
8985
3587
4400
2748
1085
9434
5624
7480
5150
0848
1710
2219
2667
5671
1051
6317
2123
6293
5965
7832
4881
3064
8315
0362
4444
8435
3655
9448
5531
6735
7187
8891
4143
4492
9928
6340
9017
4769
1142
2341
1261
0273
0399
8079
0333
0611
5182
9252
4907
4035
1324
5358
0783
8867
4840
0430
7259
1458
7858
9698
0646
5221
6516
9832
7906
3989
0377
3125
3209
7034
9705
3935
9418
3321
7246
1751
7038
6357
0170
5360
2040
3921
5480
0935
8748
3252
0469
9516
8326
5152
2630
6976
1989
4632
7549
2597
2868
3796
6621
8035
1174
3692
7138
1734
5533
4566
6419
1541
5942
1661
7613
9839
0397
5507
5843
1504
5376
4867
6066
3049
1128
4415
6891
2626
4856
6215
3575
5102
6611
1214
1928
7236
3361
4469
5273
6049
3270
0100
6626
6283
7330
8794
3177
5331
2301
4316
3325
8086
5009
5444
0205
6263
5855
6430
6381
2453
7563
5401
9437
5804
0567
0960
6335
0218
7176
6200
5536
1233
5693
0904
0605
7646
1570
9732
2683
1251
4527
5895
7962
7250
2907
5377
2525
1529
7895
7355
3141
5036
0733
3869
6909
9336
4773
8553
6068
2103
9819
0809
5074
1830
7896
7936
5954
4751
7207
3936
3760
2339
1069
8760
8920
0429
2344
9635
9059
6282
3433
6843
8999
1454
0256
4372
8024
7454
8818
3026
3595
7110
1547
9222
7796
8388
6584
6649
3540
7597
4969
4385
6560
9211
5798
8758
7302
7552
3615
5822
5295
6554
6767
1752
2230
4502
5405
1322
5917
1491
5472
0484
5568
7876
7831
8647
7657
6464
5453
3182
8965
7107
3709
7795
4586
2871
7148
5000
2714
4571
8489
2509
7884
0983
9755
5723
4258
1347
5110
2834
8980
8520
7755
6937
4138
8969
8284
6779
6035
1732
4792
0610
1891
6128
2704
2166
0337
3689
9799
5026
0130
3865
0455
8955
2953
2810
9862
9383
9092
6299
7319
4498
5220
8301
7024
2662
4890
9451
9360
0501
9345
9146
6022
6427
7982
8344
8774
8997
7939
0507
9369
2733
2095
4892
4449
3726
8160
5419
9682
6465
6203
2431
9265
0932
6696
5255
8705
2534
3532
6020
8122
8717
4371
5824
6327
2926
9356
6882
4247
4485
2081
6019
4669
6172
0873
0941
3154
3768
9407
8123
6613
8517
9045
2056
0998
6923
0671
3568
1379
9240
4524
2861
7378
0133
1705
4719
8646
0232
0129
0734
8364
8099
3184
9753
9735
7970
1365
0181
2844
9132
9129
7119
5324
9521
6719
1699
7295
7432
6478
8416
8847
5981
8337
7309
3735
5023
0993
5170
4966
8957
0619
4923
6591
8815
1182
2623
7824
0338
2785
6401
1746
4375
1305
1804
5882
3113
0681
2655
4116
5362
2061
9032
2304
9863
7388
4095
2334
8349
9583
9427
3145
4377
8960
8986
4168
4619
7372
3844
4045
8988
3149
5117
9347
8797
3860
6463
0737
6409
3732
9097
2117
4931
0855
6956
4537
6075
2827
6087
8247
7686
8403
9368
5546
7814
0042
5790
1430
1601
1880
3797
1965
6253
4266
6590
9624
5567
5678
9873
8001
5767
6678
8831
3061
1872
0098
3104
4958
4816
4121
9445
3671
1954
3685
4795
9519
3111
5466
6880
6569
5237
8369
9999
1412
9872
3108
9672
0244
0234
8671
8653
8629
4507
0775
4813
7418
2642
0483
7629
9921
3297
8124
7150
6851
8019
2790
8307
7504
9077
0584
4563
5485
3348
7754
9983
3880
1694
0930
6693
4241
4451
8658
9503
7619
0928
4871
0829
2183
4801
0997
9979
5434
3946
4920
3483
7224
0192
5537
1845
0045
1188
5579
1742
3607
0069
3329
8321
5253
8814
2327
3951
6471
6580
8181
2893
0813
4023
9620
3502
6405
3077
5845
3638
3765
8932
4746
8384
3522
5489
9108
8044
3801
2458
3319
7933
1670
6482
3246
8113
0721
4272
9039
4986
1202
9623
8508
4874
9870
3431
0914
5366
3508
3861
3761
9820
6115
8515
9318
1229
4604
7517
3373
6966
1960
6788
0784
9603
9292
7931
2216
5846
1849
5252
3033
1842
3637
3648
2531
3006
1178
3139
3479
2146
1353
5844
3900
9491
2563
6941
2158
3552
3705
7424
9946
0797
2258
4803
2137
2829
0973
7367
4573
8594
2193
8351
2569
0664
7834
1569
0500
6987
4622
6143
2573
5927
2000
8641
9110
6633
8942
9241
9664
5765
3453
6099
0547
1269
1272
5585
3103
2435
7458
9627
2875
3140
6837
5454
0427
1775
0933
0975
7618
1159
4817
2090
6012
4652
0355
9857
8975
7184
5575
8718
7441
8662
4191
6140
1168
6922
3463
3346
7374
6061
2821
9522
5265
0599
8835
7839
1177
1560
6003
9140
7668
6300
0519
6453
0183
1774
9085
1637
2499
0347
4658
6968
9961
9665
6821
3230
6879
5540
2950
5179
7533
9472
7979
2506
2047
4448
2612
9925
1386
7666
4077
4289
9833
2920
1559
5105
3991
0844
1676
9327
7501
5504
0730
2329
9421
1031
9239
6800
5817
3199
5584
8560
3667
4996
5254
0895
6593
6388
7778
2223
1317
3315
0494
6330
7882
6204
0835
5395
0070
4936
4613
4956
7844
4318
7774
4207
0592
9947
1074
0286
3777
0966
2404
2124
5184
8431
7485
8056
0370
7919
1896
3279
4017
0029
4772
5242
4807
4572
6817
5645
8231
6707
2159
8766
4651
2187
7305
3992
6706
4737
3135
1812
8529
4575
6731
8258
7431
6011
9304
9715
2462
5803
8378
7420
9791
1241
8692
1915
0246
1420
1194
1888
9375
1998
0922
6190
1119
9589
7152
4512
0945
3567
5144
8565
6423
6095
2825
4592
3650
7595
0059
2869
8290
7331
0815
4904
0221
2940
1690
9543
2889
5216
2500
0969
4227
4973
0019
7354
8834
3930
9959
1688
3999
4140
5741
9057
9425
9007
6436
7836
0405
4389
1427
9053
5714
5608
8881
0329
7273
4351
7966
5835
3683
2517
8295
0237
7593
1936
8471
9595
7061
3579
1382
6323
9752
2289
8414
8940
7333
4288
7037
7108
2173
6975
1682
9906
4556
3342
2855
8138
1669
3044
6196
2271
3684
0089
3014
7792
5587
7554
4708
2867
4894
7045
7241
0675
4666
1679
7085
6796
3337
1581
3386
4151
0881
4004
3410
9041
4310
3874
6587
6671
7407
0598
8306
3031
5423
5164
5777
7071
4436
0249
6908
5776
3021
3955
0909
0832
0665
8575
3963
8638
8282
7055
5160
3247
6583
1967
3746
1616
9708
3703
3635
8055
6269
6267
8665
3818
3099
7385
1402
4797
2247
2073
9467
4483
2228
9973
2175
6647
8199
2254
2179
9788
7999
6017
4967
2122
9648
1950
6766
4552
7698
5903
2222
9913
1606
6230
1657
7850
0013
2126
9949
0290
2075
1953
9908
1524
8188
8045
4796
2990
2762
0285
7171
2495
1195
1071
1275
8783
2448
7785
1049
5015
0166
3480
3584
2922
5946
4007
8853
6537
7502
9028
5315
2698
7244
7512
1369
5887
2161
2071
1309
7270
6690
6368
6520
7049
0307
8213
9767
6597
1552
3555
5811
8741
5475
2890
1725
0245
7684
3178
9894
4703
7711
2822
4884
9587
0992
4760
0434
4294
7535
2796
1366
1470
3441
4747
0446
2710
1558
1053
0894
8067
9333
8871
3464
9692
9626
2692
6545
2313
1802
7523
4194
7031
7361
0247
8894
5591
1426
6541
5083
9294
4494
5636
9676
8745
7499
0216
6457
1815
4373
3487
1442
7995
7722
9010
9090
8837
1920
2459
6004
2320
9464
3775
8763
0195
6273
3411
0113
6981
2031
1250
0466
4332
5595
0441
7159
6183
6442
6510
9511
1818
2915
2434
6160
1019
0297
4237
6507
5461
6308
2353
3887
7478
7357
2181
0423
4223
8087
3706
1107
4243
8271
4673
7371
6298
4836
1494
8899
2450
2350
9671
6343
3285
5710
3018
6467
1396
9398
2147
4187
5463
9662
7191
9058
1308
5566
1479
5836
2470
7812
2720
7630
4461
8656
7232
0309
2603
0996
9386
8320
7733
3438
7301
7860
9227
2003
2797
8812
4549
4776
3003
2412
7632
9290
2913
7912
3960
3205
7366
6832
2649
0112
9285
6992
6458
7744
9172
0160
8826
0880
0669
2489
6504
5053
7456
2340
5590
4994
6632
9314
4387
8313
0782
3307
7610
2549
6257
9576
8536
2853
9769
5492
9435
6834
3786
2917
7131
5838
9034
7004
9094
9470
8496
4610
7266
5674
7574
4536
2262
9629
3058
5854
8211
9319
6446
7862
5196
4889
3421
4089
9329
5788
1197
3415
0103
3320
8361
2386
4763
6469
4875
4406
5310
2972
4268
6667
0240
7592
2723
8025
2167
1805
0790
6034
8238
8976
6167
2929
2358
5739
7413
0898
5169
5057
0753
9856
4125
5950
3372
4626
9338
3087
9317
3917
7047
0443
0869
1911
4355
6029
0063
2038
4376
0901
1649
2049
9506
1713
6189
5563
0699
8352
6920
0079
4980
8512
4233
5191
6870
6255
3466
0303
6429
9358
5922
6311
4754
6746
9035
1005
7870
5258
2578
6170
3679
5734
3029
2224
0470
9493
3750
6236
9651
1496
7745
8698
3356
9230
9494
0291
4248
6166
5513
6757
1512
3065
1447
9311
3396
1507
6195
5517
8246
7758
6192
6840
5205
2899
6736
3800
5063
7346
6816
3970
7213
9649
5326
0277
5985
7713
1083
8961
9916
2722
4732
4304
3571
3626
8237
0949
3790
5107
4522
9633
8652
4711
7652
3268
5369
2712
6403
7837
6890
3378
8843
7254
5290
5291
2826
0736
2532
4869
5323
9787
8484
7291
8353
6466
2559
0847
1301
5332
4327
8294
7935
9786
8543
4382
2843
4962
0670
3756
2389
4043
3309
3134
9382
0263
6630
3753
0287
4521
6033
6949
0128
9556
5736
4830
0601
2896
2916
9914
8971
3553
3035
0879
5743
4386
8336
2523
3981
7934
5861
8566
4876
1887
6615
4780
5806
5371
4422
2213
3964
4433
8180
0474
8787
9844
2240
0021
4348
8101
9455
4544
9605
3237
0056
6130
6760
1475
3787
9013
4195
5233
8550
6686
5050
9308
0217
2305
3901
8532
1016
8430
8292
9926
6986
7545
1783
3235
3274
7750
6451
1548
8747
1105
9116
8088
5987
7825
1170
9044
7559
1745
0868
9747
8866
6398
3032
7095
7091
5655
9374
8119
7575
2039
0690
3401
8318
1590
0874
5518
2593
3633
9145
5301
4976
4913
0119
9790
5328
0698
0729
4297
7379
4381
9442
4697
2970
4805
7820
5318
6603
9492
1152
4949
1279
9016
1461
2936
1655
1645
3017
5782
2595
9982
4909
2043
4114
9093
9339
1268
4224
4574
4695
3388
5077
9269
4845
7498
8275
4970
8411
9377
4309
3012
8579
4452
1248
6212
4650
5407
9423
6930
6497
3136
8146
5974
2154
1003
1808
7484
6764
8452
5348
3098
5720
5949
8016
8785
1299
6995
0161
4325
5936
2413
1852
6426
3344
5778
7362
3180
8488
8892
1234
9281
7703
2949
3060
2966
2152
4823
1381
8521
9293
7018
0114
5224
2598
7941
8535
2267
7739
7153
7869
2579
0473
8849
7542
7865
8390
5418
0925
2638
2660
4271
3566
0755
7227
0410
1024
9597
9731
5148
6971
7894
5408
4317
5620
6852
1764
0496
3213
9330
1292
5304
2130
2543
9469
7137
5474
1847
1681
9473
7390
7310
3819
7878
5465
9579
8694
2220
1625
4363
2225
6835
8755
1088
5061
8274
7880
3345
4265
1015
2906
3879
4852
3492
1766
9152
1866
4541
7992
0481
9967
7067
4061
6174
2405
1826
5309
8557
2805
0418
2671
7402
5744
4165
1846
9170
9046
7020
2156
9396
1630
3499
9070
8148
7956
0917
3257
2024
9490
1686
2600
9744
7352
3075
2379
4930
8682
2591
4006
6754
9807
1022
1344
9008
6517
8358
7639
2135
7532
3036
1509
2551
7510
1008
0522
4782
8462
7674
6043
5747
0947
3898
0614
8128
1452
4026
0747
6353
5231
5611
7173
2835
8370
9021
2931
1759
6838
1600
0179
5999
9187
9689
1357
8343
8186
3234
4888
0463
1695
0837
3791
6901
9103
6812
3175
2669
8465
4744
6750
9754
0162
6336
4164
0761
6334
0705
7580
9991
9746
2012
8772
2170
6884
2943
7810
1698
0597
1231
5711
0889
0899
1943
6965
9712
6119
6394
6076
8393
4478
9088
0603
5262
4041
7491
3665
5185
5653
5547
3280
5708
8608
8555
5043
8523
1602
7455
9015
0117
9376
5132
5424
5115
5963
5195
9395
2048
9768
8974
9160
8690
6240
2702
2561
4404
7805
1970
8385
1930
5881
0509
7907
7555
9067
1662
9865
7409
1493
9876
0157
3720
8264
7511
9202
3470
0726
0067
7689
8556
7588
8236
0388
8655
1938
8591
4104
5156
0779
6201
6734
6250
5809
2292
1850
5573
8649
3862
9771
5069
1463
7765
1226
2074
6126
8808
7821
0327
3124
9654
3915
1307
7732
3382
4033
0816
0211
3997
7607
4158
5373
0492
0544
1582
0950
2455
7973
2874
3619
1477
2876
0908
7279
8779
3158
6814
6627
7340
6699
8253
2550
1440
3238
2279
8977
5969
6111
4727
6356
4599
9901
3994
9885
4495
6823
0923
8981
0774
4964
7287
9866
8418
1474
5093
1262
0604
6069
8243
2763
0050
5818
1697
0336
6229
6329
1393
6559
2231
2368
3023
2460
7662
1495
6711
3846
9548
2226
6314
7134
6916
6926
5990
0082
8695
7847
6703
5403
6714
6057
3708
5222
4617
3090
9570
2275
7913
2743
9974
1631
9774
5340
6970
6617
6232
3538
6063
4865
4480
9535
7023
0289
7736
3452
2070
5588
9730
2210
3010
0440
1672
5269
8865
3016
7531
2980
3968
4987
1883
2772
1993
1295
6247
7968
0552
4052
9390
2886
9259
1782
3707
9813
3055
7647
1323
9135
5462
5314
8133
3009
2345
0210
5967
9546
9188
1931
2508
2602
6219
6798
9811
0346
3211
2703
3082
1644
6484
5059
0513
8889
7961
5930
6044
0655
0952
1455
1145
1150
2554
9074
4972
7080
7395
7141
1112
4098
7205
8121
9598
1055
9408
0805
4438
0268
7957
9142
2502
8571
9043
7704
1124
4367
3545
1084
5450
6659
3070
7476
1530
8083
8964
6173
5816
9447
5287
7101
5972
1947
3322
1827
3537
7414
9176
4777
4542
1654
3418
9604
3629
0220
8880
5631
3774
6346
9428
1671
7627
7614
5726
7040
9964
9133
6328
7762
8164
5244
2423
2059
2441
3712
5780
3379
7233
7283
0822
6716
2169
0870
1423
9593
0152
2058
7922
6741
7163
0984
4149
4354
9025
6988
9218
4501
3020
7981
9591
8732
7782
8944
5429
3634
7358
8250
6493
2471
6639
2718
9793
7097
0023
0340
9364
3200
1639
7840
6078
1129
6595
2645
0400
4260
9869
8071
6787
8715
9181
6786
0096
6290
9848
1465
3256
6501
9846
0051
0535
3376
8836
1709
1983
7599
0180
7589
8459
8830
4615
2401
8605
7348
6953
4870
1747
2584
3730
8914
3399
8593
8409
6629
2690
9365
3339
3713
9878
6656
0322
0016
5542
5016
2093
1330
6944
3392
6459
5877
9087
3959
4346
0931
5082
3831
5528
9272
3142
9417
9992
2272
4734
0395
0967
8559
9251
3231
6643
7641
3166
3416
7692
3652
6428
2290
2243
7669
3657
5119
5728
9922
3066
7653
4139
9782
9263
0099
0680
3752
4234
0196
2202
8362
0765
5207
7117
3612
3073
1063
5532
5186
9695
3114
2564
8954
1692
6586
0312
2614
1718
7557
3956
1905
3517
3478
9968
1580
7322
2678
8028
5319
9237
5193
9411
7742
2325
6804
7891
2967
1897
6718
7180
0419
9851
7601
9147
9209
0459
7022
5078
2390
4649
0694
2665
8729
7015
7380
8040
7002
5569
9055
5305
3119
7030
9763
5400
9123
8996
5183
3695
1271
8166
3409
3929
2960
4412
7577
1757
1460
2862
7252
6408
8090
8210
8650
7942
6897
3852
6073
7126
8194
3785
0776
4489
5143
5502
6598
4636
8010
7411
9138
8111
8283
1499
8112
8159
4159
8768
7649
8192
5947
3909
4063
8234
1406
9930
7521
3903
1926
0741
6146
8930
5858
6581
4514
6155
4735
4995
3474
7624
4042
7164
1070
3437
2168
1831
8928
3434
6886
6652
5666
0250
2887
0831
5609
5702
1525
0769
2333
0486
6184
1735
4680
3446
7881
0739
9001
3263
1835
0862
3624
9932
6530
6806
7751
6642
8042
7462
4036
1164
8918
0989
8240
4922
8982
4740
2374
4509
8796
2859
0126
3604
6117
8905
2391
8494
9892
0065
9279
0563
8252
2312
8346
3267
2905
9745
9244
0163
0058
3126
9911
2646
3068
7003
4687
2613
2850
5075
6360
9945
0060
5001
7997
5627
4974
8618
4971
1334
9203
8434
2878
0475
6171
1223
4163
5932
7041
3690
7609
6231
7339
6524
3741
3228
8263
8509
7947
5104
6321
3451
8202
8784
8792
7537
3979
8371
7069
1684
9696
4733
5694
0528
7556
6048
2348
9741
0732
0251
0607
7856
4946
0011
5392
6107
4303
7165
4510
4565
3426
5712
6543
5980
9194
3347
5971
9936
5212
5147
1419
1641
1151
7737
5669
7058
8108
7286
5035
3465
7303
8778
8972
7220
5576
3170
9385
4107
3836
3183
1437
3923
2134
9697
2375
0313
3091
9951
2366
8777
4633
4847
8468
7887
9634
3772
5439
7846
7788
1587
1895
3088
4119
4178
6752
4720
9533
7539
1291
3192
9414
9474
5663
1424
9536
1951
0357
8270
7638
4790
3128
5560
8987
5234
2190
5753
7835
4818
2570
6894
0793
6387
7421
0424
7083
7560
3789
6265
7916
4515
2076
6785
0802
1394
4925
6391
8800
3030
7183
3224
9207
0700
3649
8615
2674
8547
9236
4218
1166
8898
4365
8041
4278
7996
6892
9287
3549
0061
7271
7864
1753
2895
8106
1598
2538
5368
4450
9899
8463
2928
2851
6016
6185
4988
4553
1754
0582
8327
4096
7202
4663
6400
9801
2935
2742
9158
2758
5700
8827
9106
5543
3932
3298
4866
2599
6692
9770
6655
4999
8907
5483
9261
6599
1665
4420
9175
9825
7262
4569
5799
8134
3728
3497
2618
8568
1659
0882
3151
0490
5452
5928
6978
1979
1002
1235
8400
4497
1439
9091
1204
8354
1444
8073
3717
7178
4231
4739
1079
0534
6149
1605
5935
3995
2018
2902
5785
5673
7452
8255
3910
4176
4293
5081
4479
6378
5606
8324
8143
3784
6133
2651
3278
5635
2957
6830
0686
7442
0856
1952
5512
4465
5937
9066
4812
2425
0116
3975
4997
8632
7983
4066
8702
3138
7194
1642
3947
8103
5299
7349
5968
7306
7396
8432
4916
9726
2530
0066
2464
5656
8842
8197
1890
3216
6319
4835
8549
0238
9342
0772
9299
3961
1767
5641
8947
3550
6606
4849
8214
2296
1328
8097
9581
9719
8187
9137
5929
9653
3792
5120
3172
1004
8603
0447
3643
1944
7768
3159
5880
4051
0135
4137
5073
0006
2079
9006
4493
3542
2001
2253
7064
6740
6960
3391
5545
8564
2609
6121
8329
9063
1415
1971
0546
4244
9199
6873
9775
4771
6737
4060
3072
2583
3663
2035
3576
6114
8357
5696
4225
5235
8464
8530
6477
0900
6874
0956
7221
4593
8993
7548
8749
1769
2121
9542
1413
1903
3905
9486
9221
1844
2426
4277
8473
1961
5534
9372
2393
1483
5589
5478
5906
1640
4576
2041
2160
7066
4851
9840
6680
1790
2731
3054
4597
0858
4476
4768
1433
7519
5551
7799
0706
1614
8742
5204
0175
0612
4285
2729
6425
0746
8125
2045
6158
9378
1118
8922
4166
7675
1551
1778
5687
3827
1106
2682
6454
6934
6315
6506
5648
4806
7161
7969
8923
9855
2819
5415
2863
2178
7440
2816
4646
0943
2409
7694
7222
6822
7370
4313
8265
0487
5667
2628
0715
1073
3041
8171
1133
5181
8011
9694
1980
9877
3015
6997
8764
4145
8241
0182
7808
3242
5610
2739
1436
9443
6448
4594
4854
1215
9111
5807
2211
3027
8458
1781
5316
4749
2399
9749
4756
6056
0654
9552
4179
2705
3770
5670
5819
9596
9334
1585
7572
2469
1179
0718
3640
9582
4240
8224
5006
2415
1173
3414
6722
7012
9112
4538
5142
3220
0849
5218
0807
9177
6002
5521
5852
5045
5071
8507
7267
7728
8735
6129
2717
8724
1077
9779
6325
8595
0306
3560
8066
6549
7196
0995
6161
8054
6810
7903
7128
9257
6000
9842
7280
6668
8381
3436
5703
6789
4308
3914
5084
1731
0344
4716
9691
0293
5259
2466
4083
4872
8051
4079
6563
9748
5038
1604
4097
3186
0044
5771
4002
9558
1871
8078
9957
6165
4156
6218
0207
4713
7048
1352
1901
1040
2490
4991
8674
5473
8525
5783
8935
5677
4408
5508
0716
5839
6925
7198
2898
6116
0633
9890
5281
8876
1429
9258
7238
4918
7247
0854
6518
6675
7473
8924
5503
8926
3564
8781
8359
1000
5550
2793
3469
2204
8206
6989
3165
8963
4961
6262
7596
2774
0284
6207
5725
0499
5565
0223
6077
7680
6532
8322
2558
1081
3425
7155
9652
0523
9893
4380
5984
8939
4624
0150
7081
4520
6010
1482
8885
2436
7218
4171
0236
1882
7464
0241
4723
3000
8909
7507
3855
0412
9594
5072
0821
7296
2382
6296
9371
1156
3953
0938
6574
1108
3926
3644
4992
0144
7568
3938
5698
2976
4034
2745
6045
5211
9660
8185
8807
8915
2676
8474
7328
2293
3694
9180
0850
2376
0053
2885
5064
6756
8179
2701
5737
2914
1199
5892
3881
9524
7457
6326
8639
1137
5176
5775
2964
2938
4117
6990
7400
5089
0115
7151
2568
6494
5012
0564
9313
6523
4184
1165
4859
5031
5130
9487
3266
5884
6437
1589
2294
2491
0387
2575
5556
8806
1922
8673
6929
4690
6899
9223
3896
9757
4579
6932
9022
8446
6279
4201
1673
6747
1859
7468
7654
4781
6607
6962
7404
2650
1624
8870
0396
7818
2636
3095
3081
5413
2298
9068
7925
6216
8437
2948
1252
0476
0701
0495
5101
7547
7697
6535
5292
9677
7089
3168
8916
2892
6881
5558
7670
5088
9080
6813
8136
7248
9702
5007
0553
8172
4123
2381
8753
9599
3007
9312
0538
0722
4153
6635
8074
9707
2102
4948
2310
0352
5548
0656
7090
1132
1946
4505
7985
3556
1316
5549
3734
4477
9274
0678
9064
6662
1592
7474
9586
9401
8082
9679
7566
3262
0271
1678
8502
9733
7289
3641
2877
6164
5593
5389
6489
3174
1343
7373
2601
1443
6566
2986
2700
4118
1505
5131
1810
6194
8168
9136
1263
7553
4435
6332
6052
1537
5970
2383
7275
9880
8617
9766
4300
5544
5664
3472
0296
8152
8734
2242
8205
0957
2988
7867
4134
7811
4196
0022
5272
8267
7136
8198
7756
4362
9514
6936
8331
9340
1621
6903
9266
6951
0629
0467
4212
0876
6570
7323
1806
3668
6842
7381
0780
9962
0052
6961
3782
0078
5893
7430
0012
8117
8633
5802
7214
2672
8681
7538
2106
0537
9256
8132
6187
4764
8299
7435
0391
7573
8429
8009
3212
5051
8949
8184
2014
6472
7123
3889
7585
3286
4982
7118
9551
1086
3611
5520
0954
4473
4315
4903
3318
5834
6910
1358
5021
6694
7112
4102
9089
0281
5442
1675
0401
5425
4401
3181
9031
7444
1193
7429
3623
4199
5594
7681
7054
8679
4130
3716
1854
6047
5871
8144
7727
9083
0228
8335
7877
8220
2475
3839
1816
1462
8222
1006
0579
0359
9038
1700
0077
9525
7377
4785
8269
2864
9701
1331
2848
5187
1054
3677
7911
8574
1749
3674
1939
3601
3711
0452
5357
0363
0392
2264
0208
3804
2217
4426
0838
2730
3613
8467
1876
6213
3755
0489
5264
9126
2287
5616
4551
9617
3155
5094
7565
6395
7833
1304
8938
9121
3664
8100
3341
0445
7923
0711
7350
0560
1822
2465
3534
9465
7861
3565
6371
4583
8524
2956
1643
9998
8245
8576
1018
2162
8147
1940
3581
8771
6224
8137
9250
7472
0025
6939
4253
2939
3402
3877
1289
0752
3069
9410
6141
0379
2998
4340
5451
6869
2255
0319
3828
8407
8882
5382
0378
9139
5865
2879
8469
6744
1717
0343
0149
8626
5885
3548
6878
9931
6819
9675
6036
0404
5228
8130
9404
3922
5626
4238
3455
3100
8902
9638
2927
1293
5032
9190
4929
0980
3063
8989
8929
0132
0106
5612
5796
8394
4906
4540
4000
1034
2711
5555
3107
5018
5096
7298
7130
1809
8036
1533
9048
6234
7261
3354
1200
7918
3514
1401
3275
5740
6963
7581
3501
7524
2306
0368
6670
6955
8738
6081
7959
4534
9192
3332
6479
8027
0951
8546
4985
2396
8190
2108
8912
3338
1858
4709
3526
1837
9690
2852
8200
9802
2865
5278
1776
4349
9699
5334
3600
1076
8382
4810
3883
5441
3179
2807
6515
5964
7951
8570
7623
4526
8441
9772
0662
1999
9845
5827
0386
4427
0988
0275
1794
6687
3327
0628
3389
2812
7337
1962
1727
9309
7033
7775
1185
5166
8368
0918
6485
4135
2020
8413
7226
0758
0461
7074
0193
9302
1660
7826
1567
6411
4457
9952
0792
9399
0974
7001
5766
1064
9517
8330
9574
0948
9993
8586
1902
9286
5448
6983
3733
0839
1811
4543
5271
5952
5111
8657
2133
5430
9734
2442
4068
1294
9131
7781
7410
4443
4403
7335
4474
1668
4206
7342
9555
5393
9640
2753
6005
4799
4319
1877
8838
5158
1056
1238
6272
6704
4081
1594
1788
8183
0432
9987
2482
5167
1060
1750
5749
4256
4296
5522
1555
8513
8406
4263
2201
3276
5002
7948
8562
4048
6444
3788
1638
2321
2791
8759
6888
5145
5197
1978
7278
3808
6710
1380
7776
0121
3729
2068
1992
4693
5898
9134
3805
7699
5280
1534
0141
8389
8342
9601
5774
3812
0921
9668
0505
9343
3885
2311
1102
1286
1012
1765
2512
5484
1041
6984
6238
0867
0167
1908
2060
7460
3393
9341
1680
0786
9030
4979
9915
3866
9095
0402
5284
1807
6046
5815
2799
3574
1789
1469
3620
7169
6316
2082
7636
4442
4504
2828
5770
7764
3366
6122
0142
6206
0982
0508
7488
0602
4093
7920
3264
6841
4761
5718
1136
3477
9071
1934
6179
5729
6571
0040
7626
9307
3217
6188
6853
1656
0562
1508
5140
6839
5397
1058
1937
2679
1719
2981
3891
0811
4606
5317
9822
8592
8704
4581
8022
9736
8012
3351
4947
7494
0123
3371
7450
3906
0383
7783
6775
7077
7899
8383
5730
0683
3653
4662
2185
3724
6665
9163
8256
8425
6875
2042
1867
3328
0438
5302
3628
0794
7943
6904
6827
8163
7154
5688
9179
9026
8799
3809
1038
4511
2734
4548
3417
3043
8597
7144
3273
7115
0366
1209
3610
7561
3744
7264
3521
4269
0677
1913
1563
3406
2463
3504
1059
5863
0148
9717
7726
8281
7201
1597
8824
5632
7320
3793
7062
1568
8498
7701
3660
3221
1217
5849
7658
7425
4405
8436
4530
0156
8151
8770
1540
7332
8660
9975
9934
9289
0488
3940
8754
0177
1561
0959
4411
1739
1362
5721
4779
3312
1467
9216
6783
9852
5163
2586
3661
4788
9005
5469
7804
0682
9943
0859
3845
6032
1856
6157
9725
6135
3531
7208
9440
7741
4755
9061
5446
3779
4568
6763
6104
5070
5602
3798
7930
9963
8444
2680
9978
3152
8363
3429
1397
2675
8514
0209
3618
7570
9249
9270
9600
0068
1987
1780
2995
9400
8510
5535
0143
9162
6994
5659
2542
5912
4644
8398
2283
8158
6475
1428
2099
5600
1685
1087
7853
9076
1599
0979
7434
7013
9277
6338
5830
2336
8937
6801
1318
2576
4950
8490
8739
4664
1761
8005
4384
0781
3368
7449
3670
8129
1666
9843
5320
3569
1515
2251
1075
7842
8068
9655
1050
1144
9446
0356
4736
6546
0325
6182
0787
1473
4466
0074
0903
6295
0258
6866
2221
3815
8268
7520
2052
7729
5341
8577
0566
1873
4731
5014
2668
4399
5356
7299
7645
3413
6791
2487
1017
7079
2741
9796
7251
3554
7156
1652
6609
9540
3397
8037
1111
4752
4808
2786
2795
3001
0814
5297
2414
3045
8711
5080
7359
4053
4055
0257
7690
8664
3173
8684
7987
2429
6131
6792
7988
8691
0778
3850
1819
9762
8906
8726
4608
3254
3245
5486
4180
4684
6105
5052
2693
0902
5719
5455
4214
6452
2724
3241
9429
0292
1988
9478
7760
7436
7363
0172
2032
6040
4274
3109
2697
8636
8453
7351
5742
8021
4003
8600
6666
0187
6573
4075
3203
4337
6982
9670
0561
1206
1523
6304
8397
9632
4513
0550
9482
8175
0462
6169
4554
0367
8642
4430
6556
8162
5862
5704
1021
6301
4388
3424
3037
5091
6624
2977
4198
8408
4374
5054
0800
8135
1315
4169
6433
2947
1663
3196
0676
2738
9082
3176
2199
7883
1554
0131
0276
6470
5352
9647
7890
9995
0017
3899
9631
9645
5751
2406
9191
8114
7073
7427
1878
6660
4252
1314
4900
0243
4529
7397
7679
7978
3871
4641
8497
9868
8699
8412
4018
3310
8242
1181
8308
8046
0987
1996
5034
4024
2307
3130
2951
5079
3949
0422
8062
1566
4933
1360
4392
5527
4208
6548
9011
8635
3076
9803
2688
5911
4437
4715
8607
2574
2983
1881
3693
3445
9196
1740
4021
5993
3150
0091
1211
4582
9815
2870
0576
0164
5988
1345
7265
8645
8643
4951
7005
0122
7569
8505
3908
4219
4645
9255
7086
8767
5722
9027
1277
4249
2468
0482
7902
4721
1612
6410
2921
5171
2615
0283
9990
8486
6483
6062
2654
3636
1109
9700
7166
2518
4334
3948
2139
0819
7779
5621
6568
5724
7534
7528
6979
7114
0506
4172
7780
2553
2631
7481
0679
3432
1221
1384
8833
6059
2860
1510
0549
3894
2416
6618
6918
0871
9764
1101
4698
9419
9622
7611
4745
1485
2687
9424
2172
7084
5574
6254
0188
4065
6717
0968
5112
1169
4204
0568
1613
4598
4031
2757
6476
8191
0341
6533
8703
9713
0136
1800
7088
2388
6582
9415
5146
2430
8142
2596
5155
7243
7200
8058
7747
5650
4858
1161
1370
6985
6685
7167
4555
9037
0742
9185
0613
8485
1914
0556
0214
9397
3171
5955
7463
3767
4361
4678
1351
9406
4468
9933
4267
3580
0134
8730
9348
5367
9264
1513
0689
8522
3697
2783
3572
7893
9197
4054
4778
4672
8611
3428
6729
7730
8196
2652
4802
2196
9351
3904
5833
8583
8204
6863
1519
3547
0407
1062
6001
7318
9352
8312
2377
4456
8725
3686
7994
6163
9704
5901
8376
4157
4545
4250
2125
4084
0589
4718
4090
5322
3957
3269
1611
8685
8861
7035
6106
7621
9479
0087
5190
2498
0092
6221
3253
9823
8209
2113
1184
3608
4358
4968
9562
9306
3719
5637
9149
9295
1990
6544
6712
5062
5661
1319
9850
0449
9881
4729
1189
0770
6439
9009
7598
8541
3645
0375
3240
6753
1171
8890
5761
0503
0773
6577
2776
1162
3080
5859
4339
4205
3996
0585
4940
9128
8862
0198
3331
9020
1635
9994
1274
2706
6384
8693
6281
6933
9683
0846
0472
5500
1023
1367
3304
4577
4910
2740
6502
0516
2050
7530
4815
9468
4414
2937
7308
1588
3582
0145
6198
1332
9168
6089
6342
5680
8355
1623
8669
5378
5154
0334
4675
6616
1728
4113
9212
1011
1798
0728
6646
3759
9950
2803
4307
0191
3086
9403
1683
6513
2910
9075
2332
1273
9324
9042
8228
2369
7000
8790
9198
1543
9301
9969
6605
2273
3481
6276
9193
4657
6604
5825
1333
7976
1701
4299
9283
6565
5647
5270
2257
9874
0828
1321
9169
9079
6640
9972
6050
5899
5394
2207
8563
7635
6024
0497
0321
1067
0578
4418
7705
4742
1497
3823
5470
1894
8875
3144
2556
3153
8798
2176
1564
0026
2215
3249
2116
1777
7901
5915
4618
9101
5049
6733
0545
3380
1404
8855
4738
9657
7855
1198
1033
4878
3202
5025
7448
6112
9115
0840
4683
5010
6445
7281
9278
4637
4503
1045
8276
2533
2726
8092
1784
1608
9104
8538
2143
5572
8612
1517
6815
5683
9098
0328
3973
2592
1213
2814
8455
3837
5090
6759
0740
5773
2351
0525
3773
5800
4850
6447
8968
0120
5165
6256
4160
9667
5201
7734
3736
4688
2684
3507
8110
2581
3442
2485
3622
9940
7497
0439
3647
2002
8157
4853
5449
0801
8893
3886
8782
1287
1917
7477
1995
8017
1186
6271
1338
7767
9078
5847
0684
4111
8477
3646
2026
4638
6612
1924
4631
2309
7288
7387
7260
7326
1573
0259
6638
9164
2062
2165
4306
5900
2770
5123
3754
6031
4621
8620
1256
2708
3971
0451
4819
5294
3924
7663
1730
0165
5037
0010
4937
2811
9019
2571
1341
2836
2284
8478
2577
0710
1617
8341
0083
5941
1013
0638
4993
4728
5409
5033
8084
9827
0302
5044
4635
7272
0431
9054
0000
1057
9750
9367
6931
1378
8856
3287
2457
6333
2237
1125
0685
2128
2985
1187
3105
3097
3450
4603
9488
7255
3326
0888
4170
2817
4070
2588
2971
7269
3123
7369
3551
3078
0491
4329
4472
1278
1516
6473
4864
5794
8443
3870
5959
7300
8309
2337
8266
0927
5707
4028
5526
9507
1457
5654
6397
2521
9674
7139
6720
6488
0339
1836
5343
5686
6534
6373
1244
2632
8927
6641
2174
3330
3314
2903
9052
1281
0384
0323
8013
3529
1907
2424
9740
0650
7984
9625
1445
7190
8481
6695
8338
1724
6137
9573
1476
7715
8043
0738
1522
9777
5477
0622
6619
3822
5098
2229
0631
3632
0906
5139
8096
3074
5944
3606
8686
2732
6776
4714
7932
3821
7096
3826
8728
7042
2750
1257
1691
0720
0071
9409
9483
0369
7297
0267
7714
8733
4846
6309
8519
9830
1346
3194
6972
5651
5296
0001
5614
6100
6924
6021
1203
0139
5577
8683
1760
6358
6833
7185
2361
0687
9794
0659
4748
9924
3592
4924
1039
4395
4254
0453
6777
7419
7142
6286
4743
3513
8979
6337
6780
9886
3157
9248
6702
0524
1141
4959
1976
7582
5490
8822
2036
4829
5581
6683
4625
3496
3367
4359
3721
6521
8895
0288
5402
2177
9161
1464
0230
1615
8304
0036
2016
4056
2186
9637
6672
2270
3718
9854
1361
8176
0852
1714
2246
9439
7628
3236
4814
3498
1817
6288
5100
7827
9564
7845
9420
0435
5353
5962
3599
1409
4246
7197
1285
6724
4833
4685
9986
2364
7731
8262
9545
9346
0804
1032
3364
4424
2849
0034
3570
7019
9462
6596
6973
6826
2993
8311
3377
9785
3050
2624
3573
5344
3710
1247
0351
4059
5227
6264
5109
7098
6259
8860
8203
9795
4699
8859
9476
5162
1298
9505
4132
6082
7445
0663
4844
5953
7014
3283
4280
6578
1453
6661
0493
6241
0415
5891
5097
0200
3825
4784
8998
1383
6091
6039
7053
5878
1014
4928
0364
2454
6305
1130
9513
9568
3489
0964
2208
6222
3419
5011
9515
2065
1242
2664
8736
3387
1046
7253
7904
7678
8149
3781
8825
5246
6725
6431
3038
9463
9841
5217
3239
8120
8832
6928
7993
1921
8482
2548
0573
6407
6676
2759
0511
8599
0265
3688
4887
4010
7245
7990
4824
1035
5660
0953
1441
7889
2792
7209
2760
8212
3430
8707
4453
6844
9154
8518
0551
4701
7926
4627
6404
1545
0757
3598
7158
5529
6654
9452
6778
5432
7527
9310
0627
6060
5625
0836
9316
7513
3725
5229
4460
3699
6855
6677
6422
2171
5375
7910
7960
3873
7505
5173
3079
1603
4944
6008
2501
8038
3967
3369
3799
0104
2779
3476
5908
5363
9641
5236
5354
9954
9847
4691
5241
6950
2858
7256
3443
0255
9060
5958
6278
9530
0944
8141
3763
2952
2707
9608
4863
4419
5977
0540
6144
4705
3363
0962
0864
9461
3506
6738
5283
9086
7977
7642
4804
2761
9760
8700
3854
7898
1376
7487
4934
9789
5106
7651
0190
7210
6249
1829
3875
8023
2904
7921
0028
1115
4190
3680
1103
0749
4333
5468
2659
3884
8333
2854
3229
8059
0225
6527
9165
6623
4071
0642
6492
1956
4564
7975
5122
7897
6529
9575
6721
7313
3950
6074
3986
2037
4232
7412
2467
9935
6885
1354
6435
8297
1490
8373
2965
0295
9917
6392
5286
8654
3523
0833
8624
5406
6090
2719
1898
6083
2411
6150
3494
7179
3820
0231
6235
5496
8483
3244
1300
7772
4861
7664
2445
7268
2656
6152
2418
4471
0986
9335
2044
6585
3053
0315
6831
2194
6413
9226
3022
7958
3456
3390
7408
9366
2555
2421
2111
6782
5764
8710
3829
4394
7329
0529
0318
9879
4741
0595
4927
8804
7578
4717
4462
8215
1738
7693
6348
1001
4939
3336
6055
6110
3749
0606
8008
9125
5268
2842
6023
2840
6911
1575
1239
8317
4058
3980
9609
6942
4410
4088
0194
6244
1492
7225
8857
1061
1763
2365
3317
5028
7446
8714
5553
0647
8644
7802
4001
6406
4353
0907
9804
4261
3942
6092
2767
3515
0886
6514
5099
8868
5058
0468
3129
1312
3597
4591
2621
6344
5640
2384
1792
1912
5277
8002
5689
8076
7063
3370
7685
1340
1542
1435
7174
5910
2691
2540
3311
1036
1503
5433
8956
4656
7482
2155
5118
0759
7376
6120
2195
8109
1646
4838
7888
5578
8070
4069
7384
8244
6367
9124
9392
0574
1224
4481
7622
8081
6361
7016
5913
8077
6768
3357
1154
9056
5914
0896
6246
7223
2800
0543
2565
4822
4320
6681
1997
8466
8360
6871
2620
6380
8967
0137
8170
8958
4919
2909
4750
9572
2363
3916
2955
5966
4820
6491
7771
9012
1833
7579
8850
0539
7398
7334
2560
7100
5519
3562
2373
6027
7228
1506
7980
1010
8661
8279
9729
5138
3467
7132
3048
4700
3353
1065
9107
4793
8233
8288
5390
7116
5870
8542
0409
0915
2371
0109
1981
0803
5136
9300
5996
2248
0348
0748
8697
6245
1667
0981
9628
8925
8345
6610
4458
1687
7841
4533
7946
8063
3004
8423
7453
3578
6038
3292
5481
0266
5293
8410
4475
9069
9072
6294
1703
4496
1893
1629
8421
9773
1726
2481
9173
0310
3577
2355
5361
6261
2278
9062
3169
8528
4193
3404
8026
5339
1363
9130
4895
1146
0708
2606
8569
3383
8731
0374
5398
1825
2510
8819
5883
5126
0625
0863
9751
6959
7615
4911
1955
6552
9350
8300
3824
6350
9438
9254
9049
1153
4378
2488
0651
0342
2089
1793
8492
8061
7368
4226
0215
7459
3810
3462
9326
8487
3841
0518
5991
2288
7748
2932
6743
9532
2897
1240
2617
8614
2282
2677
9099
7709
5828
2227
8680
7885
9721
0657
4259
0961
6376
8257
1448
5298
1487
0760
2752
1772
4015
6148
9273
7712
2338
9361
7558
7314
5676
6108
4955
6079
5619
1468
7338
6509
1501
1310
1653
8978
4584
3972
0311
3654
6679
2456
5699
1968
3335
7567
6601
8415
9888
4587
9902
3856
0185
8863
4640
2330
2477
7518
0744
8350
9484
5801
0394
9661
4547
4648
8952
9834
3954
2110
8506
9441
4360
6774
5306
5261
6313
0054
3259
5046
7060
8479
7777
9109
5495
1095
4106
4311
7972
5086
6440
6151
7405
3933
9000
6993
3316
0308
7683
9081
4546
8801
3395
5384
8401
9923
2484
8567
2695
6906
5931
6602
7347
9977
8630
3958
1957
5872
5417
2013
3092
4960
7324
3627
1280
0999
3083
2552
4589
6895
4696
2969
7039
8480
9989
2978
9800
3723
3814
4220
0093
7290
0173
1117
6945
2437
8722
3966
5347
6849
7702
0843
7206
3714
4133
6854
7871
9611
0571
3978
5643
4275
1518
3751
1167
4834
2891
6902
0771
7620
4612
5805
4921
5189
0314
0703
0094
5200
6698
6412
3500
7672
4963
3198
2256
9527
9678
6807
5586
6797
0593
3193
8460
4326
2605
2806
4236
2925
8840
1796
6536
6919
3868
9728
2078
6996
5289
0426
7417
3919
8789
2845
9557
9814
0920
4912
3642
3277
1874
7763
0332
9539
4062
2901
1693
0617
6307
1771
5223
8706
9531
1647
6132
5857
8208
4484
1963
0768
1716
4535
0324
8769
0857
7007
5178
6653
9315
3101
9453
5329
8156
6511
1706
1320
4879
4037
7057
5890
0155
6808
6669
1220
0673
3468
4883
5313
2354
8420
4331
8050
7106
6726
5795
8049
4759
1326
2919
9291
1052
6998
0861
7258
4080
5755
6539
7051
7803
5266
7576
6893
8104
4057
3977
7954
8609
5438
4323
9509
8433
8448
2324
2629
2661
7056
3206
9523
3251
5842
4105
2142
8737
6547
6258
2021
9225
7806
9260
4730
6341
0712
5997
9120
8291
0991
2136
0820
3715
5372
7753
0704
9512
6217
9444
4486
8936
3449
9047
3294
2198
6697
1245
7759
2419
9391
8648
0893
5279
6191
2857
5359
0018
8154
2317
0151
7813
3546
6486
1875
3358
5199
1941
2347
0252
5351
9014
5349
1431
9460
9837
1259
9102
5562
8287
1536
6589
8959
8285
5350
2832
9584
6375
7394
1078
4590
0641
7550
9457
7386
7823
4213
3334
6013
1260
0176
9214
5615
0810
0457
5381
2989
3147
9332
0823
0436
8014
4314
3313
6054
7175
5275
6359
9742
3847
8126
5727
0460
5894
6553
7199
3005
2633
2291
1356
5731
4239
2505
0046
4185
3028
9388
7027
5657
0940
1007
3603
6434
7211
5121
3962
0958
9966
4032
2342
5695
0668
8217
4370
1855
2120
4490
9208
3163
3303
0789
2261
2385
0750
8449
1418
0885
8000
2212
0762
7009
0724
2492
5750
7078
7791
4943
2801
6921
5956
8039
3160
0808
9206
2259
1416
6907
9743
6237
2432
7212
4322
0222
4616
1284
2100
3047
2417
2912
3343
5060
7873
6248
5570
3559
5539
1565
7486
9379
9592
0105
1236
0939
4600
1526
0075
2647
5174
5902
8884
8537
8810
2494
2996
8095
0485
5583
1390
4345
5445
5831
3132
8229
6226
4671
2474
5769
5810
6947
1121
3299
7392
3524
8951
3681
1593
1539
3969
5125
8323
2346
2747
9174
8687
1773
9156
3892
7257
5939
7749
5249
3195
4009
3811
6958
6025
3987
4661
8053
8310
4775
7157
1736
4039
3651
0235
0767
9884
7102
6345
0261
5948
1407
2557
1514
9393
5754
1618
6561
6657
8854
7838
0591
2006
8945
4707
5133
9984
8750
9723
7953
2131
4898
1848
1538
4557
6214
0620
3859
7905
2546
3167
9659
7717
6233
9537
8839
4286
9495
9122
6818
0806
6682
5308
1633
5896
5617
4660
1043
0756
4421
2091
0007
8776
5311
1821
8601
8991
9818
1741
7857
7344
3197
2653
4429
3040
0594
6026
2768
9710
1799
5436
2580
9895
1758
9549
2008
6015
5427
9867
3939
3614
7924
8218
5210
1532
7724
8762
1862
6225
7541
4843
4112
7807
5554
2019
0095
5832
5638
6519
1578
4142
0714
2188
2755
1374
6303
7564
6727
8587
1632
4559
4428
7866
0024
4908
6064
4343
0937
8623
8756
2728
6443
2323
9606
5214
4409
7070
6946
5690
8493
4344
9155
2408
9220
7829
1991
9246
7790
5652
4886
1127
3853
8773
7364
0373
6498
3301
8552
5926
1511
5312
1489
5019
6709
0554
7526
7122
4393
3052
5924
1949
6180
8456
5923
1175
0512
5876
4686
4341
3281
2830
5874
7235
8447
1116
5134
3976
3439
3308
5230
9247
6490
5973
0201
8093
8913
8470
7515
2513
9213
8941
9798
4826
2515
0818
7192
4305
8259
0413
4290
1824
3758
0649
2025
4144
4129
2084
3742
3454
9084
0635

877
320
616
185
569
553
926
026
479
272
282
192
489
420
265
081
349
866
822
951
437
767
865
184
653
154
160
343
716
929
045
633
520
240
390
452
406
855
274
063
394
477
867
895
827
332
870
610
493
001
579
676
483
978
287
219
790
572
469
069
904
341
247
737
235
372
643
451
826
752
011
556
869
347
199
893
090
982
256
540
801
112
925
364
693
500
275
373
436
847
797
956
002
815
307
313
470
494
766
182
312
901
203
490
231
174
448
885
360
142
968
818
532
758
207
657
467
342
804
215
686
588
754
432
881
008
552
627
316
327
381
014
422
905
832
233
354
133
702
526
601
577
555
738
599
052
807
874
428
077
529
135
431
683
351
955
286
119
566
481
053
590
894
350
123
512
965
482
772
361
558
322
814
495
141
787
324
071
392
641
421
946
593
425
230
799
028
260
124
476
934
113
222
169
761
639
938
430
941
031
887
388
908
367
611
498
214
973
711
777
264
666
505
328
753
876
492
284
898
335
089
205
339
234
389
005
659
937
084
030
092
852
232
079
813
227
074
706
518
741
391
166
917
086
763
171
134
576
985
197
136
454
719
459
726
308
221
224
047
709
863
191
886
083
835
238
429
473
595
668
211
465
935
241
441
464
764
208
971
718
525
735
252
806
717
730
080
831
889
677
642
291
673
695
914
519
850
563
860
710
680
096
963
704
369
939
892
923
592
121
906
962
226
370
478
496
637
884
967
987
649
780
760
803
516
163
290
996
453
890
302
434
156
433
698
605
838
029
402
587
015
621
591
067
549
021
321
115
728
849
845
246
953
687
118
561
878
140
085
872
970
868
733
471
103
991
548
061
253
212
048
298
414
858
365
696
575
017
655
748
348
530
533
261
511
875
573
721
413
920
276
456
779
796
383
331
303
722
064
255
424
690
979
188
315
729
969
944
216
301
344
742
099
510
087
377
959
594
013
931
670
607
387
093
776
236
614
759
457
167
645
768
040
984
644
012
417
019
109
848
861
403
323
385
352
781
623
663
466
423
995
521
743
714
679
042
994
821
144
319
409
933
217
922
942
139
880
900
006
016
187
176
836
651
839
475
330
366
792
072
626
159
338
449
194
033
891
204
375
731
125
828
504
584
050
353
624
190
257
913
947
117
445
095
419
183
789
418
293
656
145
902
907
762
538
146
708
617
186
295
474
210
765
503
300
225
218
664
999
359
805
386
097
843
755
206
444
603
305
114
903
340
705
175
707
660
378
200
694
749
537
027
393
070
974
954
407
615
661
059
314
455
155
410
544
732
122
075
401
811
337
126
844
888
571
817
244
830
689
046
280
209
582
853
800
650
143
317
278
747
598
368
010
037
769
720
882
105
294
589
570
486
837
384
667
098
918
292
057
559
485
443
179
715
675
127
151
751
625
178
168
161
618
613
612
829
242
506
654
857
129
541
652
879
808
198
972
581
919
685
648
507
950
604
936
399
325
024
517
586
958
638
172
539
104
357
100
631
220
263
682
177
299
270
334
678
981
356
022
802
684
756
039
943
585
788
054
523
565
446
647
608
816
699
786
488
025
930
864
840
606
909
757
358
044
949
228
249
810
376
223
131
213
181
107
534
734
128
170
277
782
834
180
289
635
976
283
795
491
794
055
468
038
774
078
997
662
502
740
578
975
960
993
034
859
157
262
329
812
049
306
362
688
251
681
460
634
986
499
149
952
060
415
058
546
739
727
091
531
665
924
007
487
841
514
076
745
130
562
189
400
461
150
374
398
311
672
574
921
725
771
622
296
371
051
102
897
009
602
966
580
082
195
239
596
825
536
497
932
258
775
671
363
998
628
380
990
912
703
927
412
110
778
712
355
501
854
542
309
692
724
152
158
245
773
658
508
237
023
405
609
896
202
899
065
636
463
318
267
243
597
669
513
928
700
948
851
032
961
073
333
560
871
395
440
132
820
980
396
153
793
438
823
106
427
138
713
088
094
250
018
522
509
229
785
992
297
345
271
266
269
273
408
744
674
020
304
568
770
524
988
691
165
543
862
809
164
798
630
462
162
619
545
842
527
989
557
450
426
336
254
439
528
977
062
746
784
472
435
379
416
697
248
068
723
600
397
137
116
940
873
101
281
515
056
404
646
442
554
043
910
035
750
701
147
567
193
288
564
268
411
108
819
833
583
883
484
632
791
629
066
458
736
036
120
915
259
004
382
551
003
173
550
964
535
285
856
945
196
310
957
640
846
983
148
041
783
111
480
916
620
447
824
000
279
911
201
547
346
326
